src_name,SVF,VVF,BVF,sky,grav_center_angle
0001.jpg,0.72061,0.12775,0.15164
0002.jpg,0.72088,0.12893,0.15019
0003.jpg,0.72048,0.12660,0.15292
0004.jpg,0.72057,0.13134,0.14809
0005.jpg,0.71960,0.13250,0.14790
0006.jpg,0.72027,0.12912,0.15061
0007.jpg,0.72054,0.13096,0.14850
0008.jpg,0.72014,0.13201,0.14784
0009.jpg,0.72053,0.13156,0.14791
0010.jpg,0.72064,0.13188,0.14748
0011.jpg,0.72177,0.13118,0.14705
0012.jpg,0.72180,0.13007,0.14813
0013.jpg,0.72432,0.13060,0.14508
0014.jpg,0.72510,0.13005,0.14484
0015.jpg,0.72196,0.12937,0.14867
0016.jpg,0.71215,0.12292,0.16492
0017.jpg,0.70886,0.12314,0.16801
0018.jpg,0.70668,0.12512,0.16820
0019.jpg,0.70969,0.12805,0.16225
0020.jpg,0.71057,0.12921,0.16022
0021.jpg,0.70986,0.12913,0.16102
0022.jpg,0.71488,0.14128,0.14384
0023.jpg,0.71011,0.13962,0.15027
0024.jpg,0.68142,0.13130,0.18728
0025.jpg,0.67708,0.14739,0.17553
0026.jpg,0.68294,0.14533,0.17174
0027.jpg,0.65165,0.18208,0.16627
0028.jpg,0.65292,0.18464,0.16244
0029.jpg,0.65128,0.21297,0.13575
0030.jpg,0.64321,0.20720,0.14959
0031.jpg,0.63644,0.20741,0.15615
0032.jpg,0.62969,0.21594,0.15437
0033.jpg,0.61609,0.23210,0.15181
0034.jpg,0.60223,0.24687,0.15090
0035.jpg,0.57949,0.27641,0.14410
0036.jpg,0.56294,0.29651,0.14055
0037.jpg,0.51739,0.34894,0.13367
0038.jpg,0.48494,0.38654,0.12852
0039.jpg,0.42335,0.44209,0.13455
0040.jpg,0.40958,0.47904,0.11138
0041.jpg,0.40716,0.49274,0.10010
0042.jpg,0.42360,0.47716,0.09924
0043.jpg,0.42710,0.47906,0.09384
0044.jpg,0.44003,0.46224,0.09773
0045.jpg,0.46972,0.44616,0.08412
0046.jpg,0.48724,0.43284,0.07992
0047.jpg,0.51116,0.40790,0.08094
0048.jpg,0.54071,0.38087,0.07842
0049.jpg,0.56988,0.35202,0.07810
0050.jpg,0.57932,0.33602,0.08466
0051.jpg,0.59609,0.31817,0.08574
0052.jpg,0.60123,0.31798,0.08079
0053.jpg,0.60830,0.31224,0.07945
0054.jpg,0.60893,0.30804,0.08304
0055.jpg,0.61068,0.30741,0.08192
0056.jpg,0.60294,0.32067,0.07639
0057.jpg,0.59390,0.32641,0.07969
0058.jpg,0.57410,0.34719,0.07870
0059.jpg,0.54110,0.38963,0.06927
0060.jpg,0.49431,0.43657,0.06912
0061.jpg,0.46221,0.46193,0.07586
0062.jpg,0.36848,0.56252,0.06900
0063.jpg,0.29133,0.63946,0.06921
0064.jpg,0.19973,0.74120,0.05907
0065.jpg,0.12322,0.81481,0.06196
0066.jpg,0.10165,0.84217,0.05618
0067.jpg,0.08966,0.86624,0.04410
0068.jpg,0.10897,0.85774,0.03329
0069.jpg,0.12781,0.84884,0.02334
0070.jpg,0.10595,0.85321,0.04084
0071.jpg,0.11506,0.84091,0.04402
0072.jpg,0.13042,0.82771,0.04186
0073.jpg,0.13915,0.81725,0.04360
0074.jpg,0.12961,0.82645,0.04394
0075.jpg,0.13732,0.82375,0.03893
0076.jpg,0.13666,0.82687,0.03647
0077.jpg,0.13539,0.83593,0.02868
0078.jpg,0.12914,0.84227,0.02859
0079.jpg,0.12693,0.84995,0.02313
0080.jpg,0.11222,0.85981,0.02797
0081.jpg,0.11001,0.86383,0.02616
0082.jpg,0.09744,0.87507,0.02750
0083.jpg,0.09856,0.86998,0.03146
0084.jpg,0.08359,0.89099,0.02543
0085.jpg,0.06622,0.90752,0.02627
0086.jpg,0.06402,0.90989,0.02609
0087.jpg,0.12101,0.85428,0.02471
0088.jpg,0.07326,0.90633,0.02041
0089.jpg,0.09597,0.88198,0.02205
0090.jpg,0.13734,0.83555,0.02710
0091.jpg,0.13075,0.85073,0.01851
0092.jpg,0.15782,0.82224,0.01994
0093.jpg,0.21378,0.76093,0.02530
0094.jpg,0.21733,0.76060,0.02207
0095.jpg,0.19834,0.77941,0.02225
0096.jpg,0.19411,0.78085,0.02504
0097.jpg,0.19559,0.77926,0.02515
0098.jpg,0.19413,0.78665,0.01922
0099.jpg,0.20340,0.77580,0.02080
0100.jpg,0.20082,0.78060,0.01858
0101.jpg,0.21624,0.76679,0.01697
0102.jpg,0.22546,0.75596,0.01858
0103.jpg,0.25246,0.72915,0.01840
0104.jpg,0.26510,0.71357,0.02133
0105.jpg,0.27614,0.70247,0.02140
0106.jpg,0.29744,0.68025,0.02231
0107.jpg,0.31477,0.66508,0.02014
0108.jpg,0.33368,0.64863,0.01769
0109.jpg,0.34523,0.63326,0.02151
0110.jpg,0.36346,0.61429,0.02225
0111.jpg,0.35194,0.62445,0.02361
0112.jpg,0.35233,0.62069,0.02698
0113.jpg,0.33238,0.63767,0.02994
0114.jpg,0.32510,0.64911,0.02579
0115.jpg,0.30375,0.67005,0.02620
0116.jpg,0.29384,0.68025,0.02591
0117.jpg,0.27085,0.70066,0.02848
0118.jpg,0.24675,0.72281,0.03045
0119.jpg,0.22925,0.74268,0.02807
0120.jpg,0.21003,0.76082,0.02915
0121.jpg,0.18808,0.78367,0.02825
0122.jpg,0.16958,0.80201,0.02841
0123.jpg,0.15862,0.81372,0.02766
0124.jpg,0.13492,0.83392,0.03116
0125.jpg,0.14548,0.82726,0.02727
0126.jpg,0.11355,0.87162,0.01483
0127.jpg,0.10520,0.87807,0.01673
0128.jpg,0.10678,0.87974,0.01348
0129.jpg,0.11919,0.83979,0.04102
0130.jpg,0.08131,0.90326,0.01543
0131.jpg,0.11737,0.86388,0.01875
0132.jpg,0.08545,0.89713,0.01741
0133.jpg,0.08554,0.88799,0.02646
0134.jpg,0.07934,0.90504,0.01562
0135.jpg,0.08052,0.90027,0.01921
0136.jpg,0.07495,0.89864,0.02640
0137.jpg,0.09818,0.88550,0.01632
0138.jpg,0.07883,0.90244,0.01872
0139.jpg,0.08827,0.90314,0.00859
0140.jpg,0.13162,0.85034,0.01804
0141.jpg,0.10371,0.86981,0.02649
0142.jpg,0.10935,0.86088,0.02977
0143.jpg,0.13935,0.82838,0.03227
0144.jpg,0.17005,0.80482,0.02513
0145.jpg,0.21086,0.76798,0.02116
0146.jpg,0.24611,0.73175,0.02214
0147.jpg,0.28770,0.68726,0.02504
0148.jpg,0.31882,0.66440,0.01678
0149.jpg,0.35765,0.62020,0.02215
0150.jpg,0.39254,0.58984,0.01762
0151.jpg,0.42935,0.55744,0.01321
0152.jpg,0.45068,0.53719,0.01210
0153.jpg,0.46962,0.51717,0.01320
0154.jpg,0.47838,0.50971,0.01190
0155.jpg,0.48177,0.50748,0.01074
0156.jpg,0.48642,0.50133,0.01225
0157.jpg,0.48807,0.49736,0.01457
0158.jpg,0.49112,0.49322,0.01566
0159.jpg,0.49231,0.49040,0.01729
0160.jpg,0.46914,0.51811,0.01274
0161.jpg,0.46871,0.51492,0.01637
0162.jpg,0.44632,0.54547,0.00820
0163.jpg,0.40815,0.58572,0.00613
0164.jpg,0.36719,0.62802,0.00479
0165.jpg,0.31840,0.66789,0.01371
0166.jpg,0.31312,0.67515,0.01173
0167.jpg,0.29459,0.69149,0.01392
0168.jpg,0.30130,0.68556,0.01313
0169.jpg,0.29598,0.68964,0.01439
0170.jpg,0.28265,0.70184,0.01551
0171.jpg,0.27969,0.69596,0.02435
0172.jpg,0.27055,0.71041,0.01904
0173.jpg,0.25928,0.72594,0.01478
0174.jpg,0.24742,0.72652,0.02607
0175.jpg,0.22678,0.75736,0.01586
0176.jpg,0.23450,0.73311,0.03238
0177.jpg,0.22053,0.74404,0.03543
0178.jpg,0.22790,0.73609,0.03601
0179.jpg,0.22760,0.74503,0.02737
0180.jpg,0.23348,0.74280,0.02372
0181.jpg,0.23536,0.73308,0.03156
0182.jpg,0.24743,0.72815,0.02442
0183.jpg,0.25188,0.72162,0.02650
0184.jpg,0.25750,0.71579,0.02671
0185.jpg,0.26583,0.71011,0.02406
0186.jpg,0.26553,0.70388,0.03058
0187.jpg,0.26732,0.70263,0.03005
0188.jpg,0.26978,0.69773,0.03249
0189.jpg,0.27783,0.69260,0.02957
0190.jpg,0.28676,0.68294,0.03031
0191.jpg,0.30012,0.67275,0.02713
0192.jpg,0.31887,0.64971,0.03142
0193.jpg,0.34132,0.62081,0.03787
0194.jpg,0.35089,0.61754,0.03157
0195.jpg,0.37638,0.59780,0.02582
0196.jpg,0.38647,0.59016,0.02338
0197.jpg,0.39895,0.57782,0.02323
0198.jpg,0.40330,0.58003,0.01667
0199.jpg,0.41634,0.56161,0.02205
0200.jpg,0.42701,0.55691,0.01608
0201.jpg,0.44319,0.54485,0.01195
0202.jpg,0.46267,0.52429,0.01304
0203.jpg,0.48067,0.50765,0.01168
0204.jpg,0.49823,0.48568,0.01609
0205.jpg,0.51472,0.46821,0.01707
0206.jpg,0.52899,0.45263,0.01838
0207.jpg,0.54943,0.43118,0.01938
0208.jpg,0.56618,0.41358,0.02024
0209.jpg,0.58111,0.38757,0.03132
0210.jpg,0.59052,0.37609,0.03339
0211.jpg,0.59849,0.36024,0.04127
0212.jpg,0.60839,0.34992,0.04169
0213.jpg,0.61213,0.32894,0.05893
0214.jpg,0.61634,0.30997,0.07369
0215.jpg,0.61990,0.29803,0.08207
0216.jpg,0.61751,0.28122,0.10128
0217.jpg,0.62388,0.26747,0.10865
0218.jpg,0.62116,0.25510,0.12374
0219.jpg,0.63603,0.26300,0.10097
0220.jpg,0.63425,0.25881,0.10694
0221.jpg,0.63390,0.27348,0.09262
0222.jpg,0.62874,0.26770,0.10355
0223.jpg,0.62336,0.28296,0.09368
0224.jpg,0.60964,0.29655,0.09380
0225.jpg,0.60955,0.30634,0.08411
0226.jpg,0.60834,0.29746,0.09420
0227.jpg,0.62193,0.29552,0.08255
0228.jpg,0.63581,0.28170,0.08249
0229.jpg,0.63807,0.28450,0.07743
0230.jpg,0.63969,0.28193,0.07838
0231.jpg,0.63240,0.28639,0.08122
0232.jpg,0.62037,0.32990,0.04973
0233.jpg,0.60134,0.36175,0.03691
0234.jpg,0.58543,0.38047,0.03409
0235.jpg,0.56996,0.38950,0.04054
0236.jpg,0.55000,0.42102,0.02898
0237.jpg,0.52665,0.44365,0.02970
0238.jpg,0.50340,0.46828,0.02832
0239.jpg,0.47679,0.49937,0.02385
0240.jpg,0.44662,0.52649,0.02689
0241.jpg,0.40833,0.57412,0.01754
0242.jpg,0.37138,0.61392,0.01470
0243.jpg,0.32701,0.65750,0.01549
0244.jpg,0.28581,0.69741,0.01678
0245.jpg,0.23986,0.73760,0.02254
0246.jpg,0.20011,0.77771,0.02218
0247.jpg,0.17785,0.80817,0.01398
0248.jpg,0.12972,0.85283,0.01745
0249.jpg,0.12404,0.85653,0.01943
0250.jpg,0.09079,0.88975,0.01946
0251.jpg,0.08525,0.89296,0.02179
0252.jpg,0.10280,0.86976,0.02744
0253.jpg,0.05908,0.92461,0.01631
0254.jpg,0.08970,0.89153,0.01877
0255.jpg,0.07121,0.92102,0.00777
0256.jpg,0.07869,0.90954,0.01176
0257.jpg,0.07384,0.91203,0.01413
0258.jpg,0.05932,0.93323,0.00745
0259.jpg,0.07103,0.91914,0.00983
0260.jpg,0.07732,0.90552,0.01715
0261.jpg,0.06893,0.91472,0.01635
0262.jpg,0.07544,0.90555,0.01901
0263.jpg,0.08705,0.88699,0.02583
0264.jpg,0.03644,0.95631,0.00725
0265.jpg,0.03320,0.95639,0.01042
0266.jpg,0.01624,0.97083,0.01293
0267.jpg,0.02600,0.95951,0.01449
0268.jpg,0.02454,0.95424,0.02121
0269.jpg,0.04150,0.92989,0.02861
0270.jpg,0.06483,0.90394,0.03123
0271.jpg,0.09222,0.86573,0.04205
0272.jpg,0.08104,0.88462,0.03434
0273.jpg,0.11621,0.85477,0.02901
0274.jpg,0.15576,0.82136,0.02289
0275.jpg,0.16959,0.80376,0.02665
0276.jpg,0.16397,0.81079,0.02524
0277.jpg,0.16402,0.82006,0.01592
0278.jpg,0.16101,0.81624,0.02274
0279.jpg,0.16587,0.80656,0.02753
0280.jpg,0.16120,0.81795,0.02084
0281.jpg,0.16386,0.82452,0.01162
0282.jpg,0.16022,0.80614,0.03364
0283.jpg,0.17091,0.81061,0.01848
0284.jpg,0.16664,0.81724,0.01612
0285.jpg,0.17881,0.80789,0.01330
0286.jpg,0.18478,0.80135,0.01387
0287.jpg,0.20979,0.77894,0.01127
0288.jpg,0.22249,0.76421,0.01330
0289.jpg,0.25669,0.73144,0.01187
0290.jpg,0.28791,0.69925,0.01284
0291.jpg,0.31809,0.66771,0.01420
0292.jpg,0.34279,0.64042,0.01680
0293.jpg,0.38994,0.59556,0.01450
0294.jpg,0.43853,0.54373,0.01773
0295.jpg,0.47396,0.51123,0.01482
0296.jpg,0.50849,0.47789,0.01362
0297.jpg,0.54040,0.44239,0.01721
0298.jpg,0.55276,0.43205,0.01519
0299.jpg,0.56903,0.41556,0.01542
0300.jpg,0.58174,0.40307,0.01520
0301.jpg,0.59629,0.38874,0.01497
0302.jpg,0.60387,0.38033,0.01580
0303.jpg,0.61060,0.37309,0.01630
0304.jpg,0.61637,0.36806,0.01558
0305.jpg,0.60814,0.37168,0.02019
0306.jpg,0.61986,0.36164,0.01850
0307.jpg,0.62580,0.35752,0.01668
0308.jpg,0.62181,0.36217,0.01602
0309.jpg,0.60951,0.37151,0.01898
0310.jpg,0.60419,0.37505,0.02076
0311.jpg,0.59393,0.38526,0.02082
0312.jpg,0.58545,0.39536,0.01919
0313.jpg,0.57116,0.40843,0.02041
0314.jpg,0.55767,0.42208,0.02025
0315.jpg,0.54140,0.43355,0.02505
0316.jpg,0.52880,0.44989,0.02131
0317.jpg,0.50703,0.47378,0.01920
0318.jpg,0.48185,0.49757,0.02058
0319.jpg,0.45004,0.52748,0.02248
0320.jpg,0.43094,0.54736,0.02170
0321.jpg,0.39189,0.59150,0.01662
0322.jpg,0.35325,0.62557,0.02118
0323.jpg,0.30526,0.66573,0.02901
0324.jpg,0.26780,0.70852,0.02368
0325.jpg,0.21891,0.76060,0.02050
0326.jpg,0.15490,0.82911,0.01599
0327.jpg,0.12118,0.85976,0.01906
0328.jpg,0.11066,0.86386,0.02546
0329.jpg,0.07145,0.90175,0.02680
0330.jpg,0.05291,0.91662,0.03047
0331.jpg,0.04212,0.92615,0.03172
0332.jpg,0.03903,0.94565,0.01532
0333.jpg,0.04714,0.93253,0.02032
0334.jpg,0.03523,0.94153,0.02324
0335.jpg,0.02379,0.95854,0.01767
0336.jpg,0.03883,0.93885,0.02232
0337.jpg,0.03411,0.94775,0.01814
0338.jpg,0.03423,0.94960,0.01617
0339.jpg,0.04309,0.93153,0.02539
0340.jpg,0.03573,0.94454,0.01972
0341.jpg,0.04684,0.94213,0.01103
0342.jpg,0.05925,0.93140,0.00935
0343.jpg,0.06296,0.91005,0.02699
0344.jpg,0.06771,0.91518,0.01711
0345.jpg,0.11815,0.84321,0.03863
0346.jpg,0.10830,0.85696,0.03475
0347.jpg,0.08914,0.87523,0.03563
0348.jpg,0.07421,0.91228,0.01351
0349.jpg,0.13459,0.83579,0.02962
0350.jpg,0.11651,0.86244,0.02105
0351.jpg,0.13093,0.85304,0.01603
0352.jpg,0.14422,0.83540,0.02039
0353.jpg,0.14820,0.83232,0.01948
0354.jpg,0.15233,0.82603,0.02164
0355.jpg,0.15752,0.82513,0.01735
0356.jpg,0.15316,0.82729,0.01954
0357.jpg,0.16008,0.82623,0.01368
0358.jpg,0.16056,0.82591,0.01353
0359.jpg,0.17794,0.80481,0.01726
0360.jpg,0.16614,0.82437,0.00949
0361.jpg,0.16916,0.81834,0.01250
0362.jpg,0.17632,0.81086,0.01281
0363.jpg,0.20306,0.78687,0.01006
0364.jpg,0.17976,0.79496,0.02528
0365.jpg,0.18191,0.80189,0.01620
0366.jpg,0.17357,0.81937,0.00706
0367.jpg,0.18506,0.80672,0.00822
0368.jpg,0.17251,0.81400,0.01349
0369.jpg,0.17766,0.81137,0.01098
0370.jpg,0.17430,0.81678,0.00892
0371.jpg,0.15319,0.83884,0.00797
0372.jpg,0.14831,0.84044,0.01125
0373.jpg,0.14208,0.84674,0.01118
0374.jpg,0.13066,0.86276,0.00658
0375.jpg,0.11262,0.88402,0.00336
0376.jpg,0.09586,0.89551,0.00863
0377.jpg,0.06871,0.92183,0.00945
0378.jpg,0.07041,0.92244,0.00715
0379.jpg,0.06847,0.92528,0.00625
0380.jpg,0.05619,0.93366,0.01015
0381.jpg,0.07067,0.91660,0.01273
0382.jpg,0.06477,0.92256,0.01268
0383.jpg,0.06192,0.92637,0.01172
0384.jpg,0.07708,0.90889,0.01402
0385.jpg,0.08108,0.90516,0.01376
0386.jpg,0.08234,0.90728,0.01038
0387.jpg,0.07606,0.91261,0.01133
0388.jpg,0.09031,0.88807,0.02162
0389.jpg,0.11070,0.88071,0.00859
0390.jpg,0.11822,0.87224,0.00954
0391.jpg,0.16275,0.82999,0.00726
0392.jpg,0.21291,0.76906,0.01803
0393.jpg,0.26863,0.70988,0.02149
0394.jpg,0.32601,0.65595,0.01804
0395.jpg,0.37131,0.61043,0.01826
0396.jpg,0.41724,0.55943,0.02333
0397.jpg,0.45719,0.52211,0.02070
0398.jpg,0.49535,0.47777,0.02688
0399.jpg,0.51148,0.45501,0.03350
0400.jpg,0.53122,0.42589,0.04289
0401.jpg,0.54989,0.39925,0.05086
0402.jpg,0.56304,0.38228,0.05468
0403.jpg,0.58185,0.36338,0.05477
0404.jpg,0.58586,0.34907,0.06507
0405.jpg,0.58901,0.35204,0.05895
0406.jpg,0.59873,0.33841,0.06286
0407.jpg,0.60267,0.32788,0.06944
0408.jpg,0.60778,0.31500,0.07722
0409.jpg,0.61325,0.30515,0.08160
0410.jpg,0.61825,0.29772,0.08403
0411.jpg,0.62294,0.29961,0.07745
0412.jpg,0.63238,0.29208,0.07554
0413.jpg,0.64024,0.28348,0.07629
0414.jpg,0.64472,0.28409,0.07118
0415.jpg,0.65214,0.27917,0.06870
0416.jpg,0.65715,0.27493,0.06792
0417.jpg,0.65913,0.27211,0.06875
0418.jpg,0.65960,0.26692,0.07348
0419.jpg,0.66349,0.27288,0.06363
0420.jpg,0.66619,0.27025,0.06356
0421.jpg,0.67040,0.26874,0.06086
0422.jpg,0.67310,0.26612,0.06078
0423.jpg,0.67433,0.26712,0.05855
0424.jpg,0.67580,0.26612,0.05807
0425.jpg,0.67577,0.26673,0.05750
0426.jpg,0.67258,0.27152,0.05590
0427.jpg,0.66915,0.27729,0.05356
0428.jpg,0.66753,0.27606,0.05641
0429.jpg,0.67191,0.27120,0.05690
0430.jpg,0.66956,0.27496,0.05549
0431.jpg,0.65956,0.28528,0.05516
0432.jpg,0.66276,0.28264,0.05460
0433.jpg,0.65774,0.28828,0.05398
0434.jpg,0.65751,0.28093,0.06155
0435.jpg,0.65433,0.27796,0.06771
0436.jpg,0.65471,0.28497,0.06032
0437.jpg,0.65645,0.28464,0.05892
0438.jpg,0.65428,0.29329,0.05243
0439.jpg,0.64633,0.29982,0.05385
0440.jpg,0.65399,0.28808,0.05793
0441.jpg,0.65020,0.29728,0.05251
0442.jpg,0.65486,0.29031,0.05483
0443.jpg,0.65638,0.29434,0.04928
0444.jpg,0.65189,0.29369,0.05442
0445.jpg,0.65439,0.28777,0.05784
0446.jpg,0.65301,0.29228,0.05471
0447.jpg,0.64959,0.29311,0.05730
0448.jpg,0.64430,0.29757,0.05813
0449.jpg,0.63737,0.29908,0.06355
0450.jpg,0.63586,0.29726,0.06688
0451.jpg,0.62517,0.29505,0.07978
0452.jpg,0.61289,0.31150,0.07561
0453.jpg,0.59147,0.33961,0.06892
0454.jpg,0.55531,0.37653,0.06816
0455.jpg,0.52058,0.41224,0.06718
0456.jpg,0.47046,0.46889,0.06065
0457.jpg,0.42887,0.51115,0.05998
0458.jpg,0.36290,0.57505,0.06206
0459.jpg,0.33251,0.60745,0.06004
0460.jpg,0.28493,0.66150,0.05356
0461.jpg,0.24657,0.70528,0.04815
0462.jpg,0.20788,0.75300,0.03912
0463.jpg,0.20428,0.75570,0.04002
0464.jpg,0.15821,0.80468,0.03711
0465.jpg,0.16466,0.79655,0.03879
0466.jpg,0.13471,0.83745,0.02784
0467.jpg,0.13580,0.83760,0.02660
0468.jpg,0.12740,0.85463,0.01797
0469.jpg,0.12982,0.85185,0.01832
0470.jpg,0.16564,0.82052,0.01384
0471.jpg,0.15853,0.82462,0.01685
0472.jpg,0.15867,0.81817,0.02316
0473.jpg,0.17839,0.80522,0.01639
0474.jpg,0.18251,0.79959,0.01790
0475.jpg,0.20972,0.76458,0.02570
0476.jpg,0.24172,0.73870,0.01958
0477.jpg,0.28240,0.66609,0.05151
0478.jpg,0.29695,0.67132,0.03173
0479.jpg,0.32403,0.61996,0.05601
0480.jpg,0.33927,0.61378,0.04694
0481.jpg,0.36510,0.60853,0.02637
0482.jpg,0.36438,0.58666,0.04896
0483.jpg,0.38859,0.54824,0.06317
0484.jpg,0.40185,0.50806,0.09008
0485.jpg,0.43082,0.51647,0.05271
0486.jpg,0.43508,0.52912,0.03580
0487.jpg,0.44240,0.47694,0.08066
0488.jpg,0.45058,0.49103,0.05839
0489.jpg,0.47666,0.44667,0.07667
0490.jpg,0.50094,0.42427,0.07478
0491.jpg,0.52726,0.40551,0.06724
0492.jpg,0.55239,0.40408,0.04353
0493.jpg,0.57032,0.38021,0.04947
0494.jpg,0.59280,0.34662,0.06058
0495.jpg,0.60640,0.32732,0.06628
0496.jpg,0.62990,0.31662,0.05348
0497.jpg,0.64280,0.31399,0.04321
0498.jpg,0.66192,0.28368,0.05441
0499.jpg,0.67050,0.28180,0.04770
0500.jpg,0.68677,0.25727,0.05595
0501.jpg,0.69755,0.23981,0.06263
0502.jpg,0.70751,0.23393,0.05856
0503.jpg,0.72005,0.22412,0.05583
0504.jpg,0.72969,0.21539,0.05493
0505.jpg,0.73959,0.20201,0.05840
0506.jpg,0.74837,0.20470,0.04693
0507.jpg,0.75686,0.19946,0.04368
0508.jpg,0.76223,0.19452,0.04325
0509.jpg,0.77052,0.18738,0.04210
0510.jpg,0.77705,0.18230,0.04066
0511.jpg,0.78473,0.17946,0.03581
0512.jpg,0.78855,0.17636,0.03509
0513.jpg,0.79380,0.16890,0.03730
0514.jpg,0.79611,0.16553,0.03837
0515.jpg,0.80222,0.15962,0.03816
0516.jpg,0.80532,0.15447,0.04022
0517.jpg,0.80919,0.15406,0.03676
0518.jpg,0.81308,0.15180,0.03512
0519.jpg,0.81567,0.14913,0.03520
0520.jpg,0.81748,0.14543,0.03709
0521.jpg,0.81901,0.14469,0.03630
0522.jpg,0.82183,0.14108,0.03708
0523.jpg,0.82418,0.14112,0.03471
0524.jpg,0.82561,0.13985,0.03454
0525.jpg,0.82374,0.13703,0.03923
0526.jpg,0.82630,0.13339,0.04031
0527.jpg,0.82398,0.13533,0.04069
0528.jpg,0.82524,0.13656,0.03820
0529.jpg,0.82505,0.13809,0.03687
0530.jpg,0.82353,0.13626,0.04021
0531.jpg,0.82254,0.13874,0.03873
0532.jpg,0.82130,0.14139,0.03731
0533.jpg,0.82289,0.13817,0.03894
0534.jpg,0.82190,0.14281,0.03529
0535.jpg,0.82147,0.13717,0.04135
0536.jpg,0.82000,0.13613,0.04386
0537.jpg,0.81809,0.13642,0.04549
0538.jpg,0.81782,0.13680,0.04539
0539.jpg,0.81703,0.14252,0.04045
0540.jpg,0.81940,0.13623,0.04437
0541.jpg,0.81332,0.14285,0.04383
0542.jpg,0.81444,0.14508,0.04048
0543.jpg,0.80996,0.15119,0.03885
0544.jpg,0.80424,0.15408,0.04168
0545.jpg,0.80439,0.15927,0.03635
0546.jpg,0.80100,0.16013,0.03887
0547.jpg,0.79939,0.16275,0.03786
0548.jpg,0.79915,0.15776,0.04310
0549.jpg,0.79985,0.16473,0.03542
0550.jpg,0.79807,0.16359,0.03834
0551.jpg,0.79864,0.16555,0.03581
0552.jpg,0.79934,0.16402,0.03663
0553.jpg,0.80342,0.16087,0.03571
0554.jpg,0.79968,0.16560,0.03471
0555.jpg,0.79756,0.16343,0.03902
0556.jpg,0.79904,0.16236,0.03860
0557.jpg,0.79040,0.16868,0.04092
0558.jpg,0.78563,0.17681,0.03756
0559.jpg,0.77456,0.18952,0.03592
0560.jpg,0.76184,0.20230,0.03585
0561.jpg,0.75387,0.20387,0.04226
0562.jpg,0.75283,0.20608,0.04109
0563.jpg,0.75376,0.20186,0.04438
0564.jpg,0.75013,0.20868,0.04119
0565.jpg,0.74607,0.21177,0.04216
0566.jpg,0.73935,0.21809,0.04256
0567.jpg,0.73993,0.22105,0.03902
0568.jpg,0.73883,0.20803,0.05313
0569.jpg,0.72307,0.21883,0.05810
0570.jpg,0.72168,0.22319,0.05514
0571.jpg,0.69795,0.27060,0.03145
0572.jpg,0.68290,0.28902,0.02809
0573.jpg,0.66235,0.30888,0.02878
0574.jpg,0.65326,0.31550,0.03124
0575.jpg,0.64468,0.32550,0.02983
0576.jpg,0.62873,0.33629,0.03498
0577.jpg,0.62655,0.34012,0.03333
0578.jpg,0.62339,0.34242,0.03418
0579.jpg,0.63011,0.33637,0.03352
0580.jpg,0.62886,0.33975,0.03139
0581.jpg,0.63620,0.33391,0.02988
0582.jpg,0.63473,0.33557,0.02970
0583.jpg,0.63415,0.33662,0.02923
0584.jpg,0.63723,0.33792,0.02484
0585.jpg,0.64285,0.33035,0.02679
0586.jpg,0.62550,0.34741,0.02709
0587.jpg,0.61842,0.35125,0.03033
0588.jpg,0.62080,0.34978,0.02942
0589.jpg,0.62212,0.35240,0.02547
0590.jpg,0.60956,0.36777,0.02268
0591.jpg,0.60442,0.36849,0.02709
0592.jpg,0.60240,0.37205,0.02555
0593.jpg,0.58855,0.38588,0.02557
0594.jpg,0.58228,0.39149,0.02623
0595.jpg,0.56455,0.40156,0.03389
0596.jpg,0.55842,0.40437,0.03721
0597.jpg,0.51459,0.45150,0.03391
0598.jpg,0.47510,0.47072,0.05418
0599.jpg,0.42204,0.53351,0.04445
0600.jpg,0.38663,0.56161,0.05176
0601.jpg,0.35508,0.57849,0.06643
0602.jpg,0.32275,0.56283,0.11442
0603.jpg,0.31473,0.61447,0.07080
0604.jpg,0.29730,0.63799,0.06471
0605.jpg,0.29525,0.63688,0.06787
0606.jpg,0.29131,0.63787,0.07082
0607.jpg,0.28729,0.65072,0.06199
0608.jpg,0.28430,0.67108,0.04462
0609.jpg,0.27959,0.68083,0.03958
0610.jpg,0.28227,0.66194,0.05579
0611.jpg,0.27272,0.66605,0.06123
0612.jpg,0.27881,0.66248,0.05871
0613.jpg,0.28304,0.64848,0.06848
0614.jpg,0.28667,0.65651,0.05682
0615.jpg,0.27909,0.65438,0.06653
0616.jpg,0.27112,0.67234,0.05653
0617.jpg,0.26990,0.67833,0.05178
0618.jpg,0.27375,0.67593,0.05031
0619.jpg,0.26733,0.69075,0.04192
0620.jpg,0.25689,0.68871,0.05441
0621.jpg,0.24337,0.71840,0.03823
0622.jpg,0.23938,0.70211,0.05851
0623.jpg,0.24454,0.70743,0.04803
0624.jpg,0.21510,0.73350,0.05140
0625.jpg,0.18802,0.76201,0.04997
0626.jpg,0.17046,0.77597,0.05357
0627.jpg,0.17311,0.77347,0.05342
0628.jpg,0.16298,0.78697,0.05005
0629.jpg,0.14663,0.80487,0.04850
0630.jpg,0.13154,0.80631,0.06216
0631.jpg,0.12895,0.80113,0.06991
0632.jpg,0.11997,0.81106,0.06897
0633.jpg,0.12429,0.80931,0.06640
0634.jpg,0.12566,0.81201,0.06233
0635.jpg,0.12674,0.80951,0.06375
0636.jpg,0.15609,0.78628,0.05763
0637.jpg,0.16224,0.77871,0.05904
0638.jpg,0.17403,0.77471,0.05126
0639.jpg,0.17169,0.77433,0.05398
0640.jpg,0.17268,0.77634,0.05098
0641.jpg,0.17467,0.77597,0.04936
0642.jpg,0.17225,0.78200,0.04575
0643.jpg,0.17026,0.78568,0.04406
0644.jpg,0.16618,0.78776,0.04606
0645.jpg,0.18019,0.77673,0.04308
0646.jpg,0.15463,0.79626,0.04912
0647.jpg,0.14738,0.81218,0.04044
0648.jpg,0.14675,0.81660,0.03665
0649.jpg,0.14223,0.82510,0.03268
0650.jpg,0.14575,0.82259,0.03165
0651.jpg,0.13012,0.84031,0.02958
0652.jpg,0.13266,0.83891,0.02843
0653.jpg,0.12704,0.84390,0.02906
0654.jpg,0.12264,0.84817,0.02920
0655.jpg,0.12519,0.84532,0.02950
0656.jpg,0.12528,0.84832,0.02641
0657.jpg,0.12733,0.84482,0.02785
0658.jpg,0.14246,0.82800,0.02954
0659.jpg,0.14079,0.83160,0.02761
0660.jpg,0.14864,0.82148,0.02988
0661.jpg,0.15635,0.81568,0.02797
0662.jpg,0.16682,0.80252,0.03066
0663.jpg,0.18244,0.78557,0.03199
0664.jpg,0.17990,0.78943,0.03067
0665.jpg,0.19126,0.77772,0.03101
0666.jpg,0.19527,0.76682,0.03791
0667.jpg,0.20671,0.75481,0.03848
0668.jpg,0.21252,0.75060,0.03688
0669.jpg,0.22610,0.73437,0.03952
0670.jpg,0.23470,0.72772,0.03757
0671.jpg,0.23950,0.72650,0.03400
0672.jpg,0.24871,0.71274,0.03855
0673.jpg,0.25563,0.70650,0.03787
0674.jpg,0.26703,0.69113,0.04184
0675.jpg,0.28301,0.67233,0.04466
0676.jpg,0.29852,0.65581,0.04567
0677.jpg,0.30508,0.64657,0.04835
0678.jpg,0.31092,0.64279,0.04629
0679.jpg,0.32019,0.63146,0.04835
0680.jpg,0.34070,0.61192,0.04739
0681.jpg,0.34097,0.60690,0.05213
0682.jpg,0.33552,0.61897,0.04551
0683.jpg,0.33832,0.61529,0.04639
0684.jpg,0.33673,0.61743,0.04584
0685.jpg,0.33606,0.61623,0.04771
0686.jpg,0.33617,0.61396,0.04987
0687.jpg,0.33499,0.61630,0.04871
0688.jpg,0.34134,0.60632,0.05234
0689.jpg,0.35649,0.58252,0.06098
0690.jpg,0.35944,0.57352,0.06705
0691.jpg,0.36960,0.56138,0.06902
0692.jpg,0.37492,0.55340,0.07169
0693.jpg,0.38029,0.54682,0.07289
0694.jpg,0.36691,0.56068,0.07240
0695.jpg,0.36430,0.55535,0.08035
0696.jpg,0.34865,0.57011,0.08124
0697.jpg,0.35344,0.56102,0.08554
0698.jpg,0.35748,0.55062,0.09190
0699.jpg,0.34043,0.57360,0.08597
0700.jpg,0.32064,0.59125,0.08811
0701.jpg,0.33353,0.58078,0.08569
0702.jpg,0.30975,0.60183,0.08842
0703.jpg,0.30502,0.61118,0.08380
0704.jpg,0.30063,0.61990,0.07947
0705.jpg,0.33032,0.58483,0.08484
0706.jpg,0.35330,0.56501,0.08169
0707.jpg,0.38590,0.54488,0.06922
0708.jpg,0.38594,0.54239,0.07167
0709.jpg,0.38660,0.54622,0.06718
0710.jpg,0.37361,0.56083,0.06556
0711.jpg,0.35921,0.57958,0.06121
0712.jpg,0.36675,0.54118,0.09207
0713.jpg,0.38273,0.52704,0.09023
0714.jpg,0.38944,0.49908,0.11148
0715.jpg,0.39319,0.48590,0.12091
0716.jpg,0.40894,0.45534,0.13572
0717.jpg,0.41377,0.41695,0.16927
0718.jpg,0.44045,0.40014,0.15941
0719.jpg,0.45913,0.36814,0.17273
0720.jpg,0.46823,0.34672,0.18505
0721.jpg,0.48426,0.32722,0.18852
0722.jpg,0.49101,0.31365,0.19534
0723.jpg,0.50310,0.29479,0.20211
0724.jpg,0.50459,0.29856,0.19685
0725.jpg,0.50431,0.29810,0.19759
0726.jpg,0.50763,0.30342,0.18895
0727.jpg,0.50573,0.30218,0.19209
0728.jpg,0.49881,0.30732,0.19387
0729.jpg,0.49874,0.31135,0.18991
0730.jpg,0.49156,0.32308,0.18535
0731.jpg,0.48359,0.32965,0.18677
0732.jpg,0.47053,0.34259,0.18688
0733.jpg,0.45689,0.35181,0.19130
0734.jpg,0.43421,0.37810,0.18769
0735.jpg,0.39153,0.41423,0.19424
0736.jpg,0.33531,0.47155,0.19314
0737.jpg,0.27735,0.53918,0.18347
0738.jpg,0.20758,0.59764,0.19477
0739.jpg,0.19489,0.61790,0.18721
0740.jpg,0.17376,0.64604,0.18019
0741.jpg,0.17237,0.64128,0.18635
0742.jpg,0.15976,0.65826,0.18198
0743.jpg,0.14479,0.67128,0.18393
0744.jpg,0.13862,0.67291,0.18847
0745.jpg,0.12406,0.67830,0.19764
0746.jpg,0.12093,0.68236,0.19671
0747.jpg,0.12271,0.67727,0.20002
0748.jpg,0.10605,0.69116,0.20279
0749.jpg,0.10498,0.68547,0.20955
0750.jpg,0.10953,0.67587,0.21461
0751.jpg,0.09911,0.67413,0.22676
0752.jpg,0.08720,0.67084,0.24196
0753.jpg,0.09051,0.65564,0.25385
0754.jpg,0.06237,0.68171,0.25592
0755.jpg,0.05755,0.68438,0.25807
0756.jpg,0.04957,0.68084,0.26959
0757.jpg,0.04102,0.69446,0.26452
0758.jpg,0.04024,0.69876,0.26099
0759.jpg,0.04232,0.69537,0.26231
0760.jpg,0.04401,0.68089,0.27510
0761.jpg,0.04551,0.67613,0.27836
0762.jpg,0.08302,0.63294,0.28404
0763.jpg,0.06105,0.66597,0.27298
0764.jpg,0.05753,0.67002,0.27245
0765.jpg,0.06306,0.66101,0.27593
0766.jpg,0.06496,0.65403,0.28100
0767.jpg,0.07427,0.64913,0.27660
0768.jpg,0.07486,0.63614,0.28901
0769.jpg,0.07622,0.63677,0.28700
0770.jpg,0.08870,0.62409,0.28721
0771.jpg,0.08008,0.63025,0.28967
0772.jpg,0.10210,0.60593,0.29197
0773.jpg,0.09364,0.60761,0.29875
0774.jpg,0.09569,0.59393,0.31038
0775.jpg,0.10962,0.58179,0.30859
0776.jpg,0.12107,0.56295,0.31598
0777.jpg,0.12621,0.56065,0.31313
0778.jpg,0.13203,0.54476,0.32321
0779.jpg,0.13724,0.55410,0.30866
0780.jpg,0.14403,0.53920,0.31676
0781.jpg,0.15032,0.52754,0.32214
0782.jpg,0.15805,0.52083,0.32113
0783.jpg,0.16055,0.51490,0.32455
0784.jpg,0.17418,0.49546,0.33036
0785.jpg,0.18290,0.49004,0.32705
0786.jpg,0.19130,0.48272,0.32598
0787.jpg,0.20146,0.47814,0.32040
0788.jpg,0.21571,0.45602,0.32827
0789.jpg,0.22397,0.45127,0.32476
0790.jpg,0.23148,0.43642,0.33210
0791.jpg,0.24345,0.42967,0.32688
0792.jpg,0.24921,0.41722,0.33357
0793.jpg,0.25958,0.40033,0.34008
0794.jpg,0.26576,0.39208,0.34216
0795.jpg,0.27399,0.37577,0.35024
0796.jpg,0.28097,0.36931,0.34972
0797.jpg,0.28545,0.36207,0.35248
0798.jpg,0.28793,0.36111,0.35097
0799.jpg,0.29253,0.36027,0.34720
0800.jpg,0.29647,0.34873,0.35480
0801.jpg,0.27941,0.38253,0.33806
0802.jpg,0.27825,0.38087,0.34088
0803.jpg,0.26252,0.40167,0.33582
0804.jpg,0.23482,0.43087,0.33431
0805.jpg,0.19574,0.49187,0.31239
0806.jpg,0.16324,0.53266,0.30410
0807.jpg,0.11809,0.58758,0.29433
0808.jpg,0.10583,0.61498,0.27919
0809.jpg,0.09376,0.64561,0.26063
0810.jpg,0.09930,0.62938,0.27132
0811.jpg,0.11227,0.62740,0.26033
0812.jpg,0.10887,0.62110,0.27003
0813.jpg,0.11145,0.61822,0.27033
0814.jpg,0.11417,0.59151,0.29431
0815.jpg,0.11106,0.59250,0.29645
0816.jpg,0.11231,0.58263,0.30506
0817.jpg,0.10950,0.58592,0.30458
0818.jpg,0.10594,0.58048,0.31358
0819.jpg,0.10915,0.58262,0.30823
0820.jpg,0.11486,0.57080,0.31434
0821.jpg,0.10815,0.58130,0.31056
0822.jpg,0.10983,0.56686,0.32331
0823.jpg,0.10942,0.57495,0.31563
0824.jpg,0.09922,0.57650,0.32428
0825.jpg,0.09271,0.59783,0.30946
0826.jpg,0.06958,0.61924,0.31118
0827.jpg,0.05251,0.64573,0.30176
0828.jpg,0.05843,0.64087,0.30069
0829.jpg,0.05557,0.66216,0.28226
0830.jpg,0.06914,0.65988,0.27098
0831.jpg,0.03937,0.70750,0.25313
0832.jpg,0.04008,0.72200,0.23792
0833.jpg,0.05355,0.72771,0.21873
0834.jpg,0.02503,0.76821,0.20676
0835.jpg,0.02053,0.78136,0.19811
0836.jpg,0.01708,0.80399,0.17893
0837.jpg,0.01413,0.81676,0.16910
0838.jpg,0.01732,0.82501,0.15767
0839.jpg,0.01657,0.81417,0.16926
0840.jpg,0.02354,0.80192,0.17453
0841.jpg,0.03116,0.80355,0.16529
0842.jpg,0.04399,0.80062,0.15540
0843.jpg,0.06250,0.78218,0.15532
0844.jpg,0.08022,0.76130,0.15848
0845.jpg,0.10642,0.71951,0.17407
0846.jpg,0.12755,0.70059,0.17186
0847.jpg,0.18075,0.64185,0.17740
0848.jpg,0.26670,0.54857,0.18473
0849.jpg,0.34922,0.43173,0.21904
0850.jpg,0.39531,0.35842,0.24626
0851.jpg,0.43267,0.30982,0.25752
0852.jpg,0.46171,0.26922,0.26908
0853.jpg,0.48562,0.24282,0.27156
0854.jpg,0.50319,0.21320,0.28361
0855.jpg,0.51446,0.19758,0.28796
0856.jpg,0.52967,0.17469,0.29563
0857.jpg,0.54140,0.16356,0.29504
0858.jpg,0.54491,0.14883,0.30626
0859.jpg,0.55187,0.13442,0.31370
0860.jpg,0.55681,0.11853,0.32465
0861.jpg,0.56315,0.11104,0.32581
0862.jpg,0.56436,0.10570,0.32994
0863.jpg,0.56413,0.09432,0.34155
0864.jpg,0.56502,0.08993,0.34505
0865.jpg,0.56517,0.08132,0.35350
0866.jpg,0.56574,0.07604,0.35822
0867.jpg,0.56811,0.07106,0.36082
0868.jpg,0.57138,0.06791,0.36071
0869.jpg,0.57193,0.06045,0.36762
0870.jpg,0.57647,0.06133,0.36220
0871.jpg,0.57571,0.05810,0.36619
0872.jpg,0.58095,0.05809,0.36096
0873.jpg,0.58310,0.05251,0.36439
0874.jpg,0.58919,0.05212,0.35869
0875.jpg,0.59250,0.05102,0.35648
0876.jpg,0.59668,0.04978,0.35354
0877.jpg,0.59949,0.04529,0.35522
0878.jpg,0.60985,0.04580,0.34435
0879.jpg,0.61174,0.04580,0.34246
0880.jpg,0.61861,0.04744,0.33395
0881.jpg,0.61928,0.04299,0.33773
0882.jpg,0.62869,0.04141,0.32990
0883.jpg,0.63288,0.04072,0.32639
0884.jpg,0.64121,0.04087,0.31792
0885.jpg,0.65111,0.03922,0.30967
0886.jpg,0.66079,0.03949,0.29972
0887.jpg,0.66850,0.04085,0.29065
0888.jpg,0.67468,0.04042,0.28490
0889.jpg,0.68198,0.04273,0.27529
0890.jpg,0.68434,0.04485,0.27081
0891.jpg,0.68929,0.04753,0.26319
0892.jpg,0.68652,0.04697,0.26651
0893.jpg,0.69245,0.05379,0.25376
0894.jpg,0.69276,0.05613,0.25111
0895.jpg,0.69420,0.06013,0.24568
0896.jpg,0.69261,0.06311,0.24428
0897.jpg,0.69602,0.06760,0.23638
0898.jpg,0.69407,0.07186,0.23408
0899.jpg,0.69318,0.07765,0.22917
0900.jpg,0.69210,0.08526,0.22264
0901.jpg,0.68748,0.08633,0.22619
0902.jpg,0.68294,0.09352,0.22354
0903.jpg,0.67471,0.11249,0.21280
0904.jpg,0.67862,0.12371,0.19768
0905.jpg,0.66087,0.14448,0.19464
0906.jpg,0.65063,0.16669,0.18268
0907.jpg,0.63806,0.18983,0.17211
0908.jpg,0.61910,0.21627,0.16463
0909.jpg,0.59689,0.24940,0.15372
0910.jpg,0.56821,0.28275,0.14904
0911.jpg,0.53265,0.32306,0.14429
0912.jpg,0.48956,0.37253,0.13791
0913.jpg,0.44594,0.42697,0.12708
0914.jpg,0.36555,0.50532,0.12913
0915.jpg,0.30983,0.56683,0.12334
0916.jpg,0.27429,0.60052,0.12520
0917.jpg,0.26055,0.61962,0.11983
0918.jpg,0.25734,0.61921,0.12346
0919.jpg,0.23119,0.65360,0.11521
0920.jpg,0.22194,0.65145,0.12661
0921.jpg,0.23706,0.64944,0.11350
0922.jpg,0.27579,0.60699,0.11722
0923.jpg,0.27991,0.60579,0.11430
0924.jpg,0.32592,0.56528,0.10880
0925.jpg,0.35768,0.54601,0.09632
0926.jpg,0.39876,0.50853,0.09271
0927.jpg,0.41407,0.49919,0.08675
0928.jpg,0.44054,0.45747,0.10199
0929.jpg,0.45457,0.44611,0.09933
0930.jpg,0.47704,0.40421,0.11875
0931.jpg,0.49078,0.38175,0.12748
0932.jpg,0.51046,0.34639,0.14315
0933.jpg,0.51751,0.32209,0.16040
0934.jpg,0.53529,0.28566,0.17904
0935.jpg,0.53855,0.27204,0.18940
0936.jpg,0.55323,0.24068,0.20609
0937.jpg,0.55822,0.22643,0.21535
0938.jpg,0.57241,0.20873,0.21885
0939.jpg,0.57678,0.19929,0.22393
0940.jpg,0.59208,0.18041,0.22751
0941.jpg,0.60838,0.16717,0.22444
0942.jpg,0.62278,0.15576,0.22146
0943.jpg,0.63507,0.14325,0.22169
0944.jpg,0.64352,0.13016,0.22632
0945.jpg,0.65284,0.12401,0.22315
0946.jpg,0.65682,0.12044,0.22274
0947.jpg,0.66238,0.11595,0.22167
0948.jpg,0.67018,0.10598,0.22383
0949.jpg,0.67073,0.10331,0.22596
0950.jpg,0.67180,0.10985,0.21836
0951.jpg,0.67293,0.11330,0.21376
0952.jpg,0.67459,0.12009,0.20532
0953.jpg,0.67123,0.12204,0.20673
0954.jpg,0.66441,0.12782,0.20777
0955.jpg,0.65570,0.14148,0.20282
0956.jpg,0.64563,0.15754,0.19684
0957.jpg,0.63060,0.17455,0.19485
0958.jpg,0.61409,0.19111,0.19480
0959.jpg,0.60014,0.20787,0.19200
0960.jpg,0.57701,0.22957,0.19342
0961.jpg,0.55453,0.25888,0.18659
0962.jpg,0.53851,0.26795,0.19354
0963.jpg,0.52942,0.28408,0.18651
0964.jpg,0.51326,0.29711,0.18963
0965.jpg,0.48984,0.32944,0.18072
0966.jpg,0.46395,0.35863,0.17743
0967.jpg,0.43873,0.39021,0.17105
0968.jpg,0.42004,0.40894,0.17103
0969.jpg,0.39931,0.43051,0.17019
0970.jpg,0.37590,0.45639,0.16771
0971.jpg,0.36147,0.46813,0.17039
0972.jpg,0.34174,0.48953,0.16873
0973.jpg,0.32868,0.49737,0.17395
0974.jpg,0.32630,0.49876,0.17494
0975.jpg,0.32616,0.49563,0.17821
0976.jpg,0.32189,0.50460,0.17351
0977.jpg,0.32631,0.50195,0.17174
0978.jpg,0.33284,0.49718,0.16998
0979.jpg,0.33293,0.47508,0.19199
0980.jpg,0.34684,0.45975,0.19341
0981.jpg,0.36584,0.43974,0.19442
0982.jpg,0.37181,0.43575,0.19244
0983.jpg,0.39254,0.41618,0.19128
0984.jpg,0.39498,0.40994,0.19509
0985.jpg,0.40957,0.39714,0.19329
0986.jpg,0.41632,0.39360,0.19009
0987.jpg,0.42744,0.37991,0.19266
0988.jpg,0.43405,0.37953,0.18642
0989.jpg,0.44247,0.36834,0.18919
0990.jpg,0.44785,0.36512,0.18703
0991.jpg,0.46060,0.35134,0.18806
0992.jpg,0.46278,0.35031,0.18691
0993.jpg,0.46899,0.34798,0.18303
0994.jpg,0.47015,0.35797,0.17187
0995.jpg,0.47056,0.35767,0.17176
0996.jpg,0.46853,0.36825,0.16321
0997.jpg,0.47469,0.36222,0.16308
0998.jpg,0.47388,0.36437,0.16175
0999.jpg,0.47312,0.37014,0.15674
1000.jpg,0.47218,0.37467,0.15315
1001.jpg,0.47183,0.37800,0.15017
1002.jpg,0.46824,0.38425,0.14750
1003.jpg,0.46560,0.39433,0.14007
1004.jpg,0.46791,0.38527,0.14682
1005.jpg,0.47635,0.38827,0.13539
1006.jpg,0.49860,0.36204,0.13936
1007.jpg,0.51637,0.34799,0.13564
1008.jpg,0.53827,0.32705,0.13468
1009.jpg,0.54964,0.32037,0.12998
1010.jpg,0.57843,0.28849,0.13308
1011.jpg,0.60711,0.25778,0.13511
1012.jpg,0.63892,0.22514,0.13594
1013.jpg,0.66611,0.20868,0.12521
1014.jpg,0.67680,0.20000,0.12320
1015.jpg,0.67976,0.19677,0.12346
1016.jpg,0.68341,0.20111,0.11548
1017.jpg,0.68470,0.20127,0.11403
1018.jpg,0.67304,0.21678,0.11018
1019.jpg,0.66800,0.22042,0.11159
1020.jpg,0.64214,0.24577,0.11209
1021.jpg,0.64831,0.23742,0.11427
1022.jpg,0.64994,0.23699,0.11307
1023.jpg,0.66210,0.21261,0.12529
1024.jpg,0.68114,0.19661,0.12225
1025.jpg,0.68957,0.18363,0.12680
1026.jpg,0.70412,0.16634,0.12955
1027.jpg,0.70827,0.15442,0.13731
1028.jpg,0.71673,0.14147,0.14181
1029.jpg,0.71585,0.13348,0.15067
1030.jpg,0.71817,0.12704,0.15480
1031.jpg,0.72078,0.12483,0.15439
1032.jpg,0.72066,0.11460,0.16474
1033.jpg,0.72262,0.11289,0.16449
1034.jpg,0.71852,0.11452,0.16696
1035.jpg,0.71208,0.11468,0.17324
1036.jpg,0.70419,0.12317,0.17264
1037.jpg,0.68730,0.12647,0.18623
1038.jpg,0.68980,0.13375,0.17645
1039.jpg,0.68084,0.14040,0.17876
1040.jpg,0.67183,0.14628,0.18189
1041.jpg,0.65964,0.15925,0.18110
1042.jpg,0.64427,0.16789,0.18783
1043.jpg,0.63177,0.18358,0.18465
1044.jpg,0.61651,0.20016,0.18333
1045.jpg,0.59376,0.21859,0.18765
1046.jpg,0.57246,0.24326,0.18428
1047.jpg,0.54328,0.27419,0.18253
1048.jpg,0.52071,0.29741,0.18187
1049.jpg,0.48646,0.33206,0.18149
1050.jpg,0.46055,0.36375,0.17570
1051.jpg,0.43038,0.39042,0.17920
1052.jpg,0.40442,0.41715,0.17843
1053.jpg,0.37568,0.44732,0.17699
1054.jpg,0.35000,0.47598,0.17401
1055.jpg,0.32515,0.49791,0.17694
1056.jpg,0.30924,0.52675,0.16401
1057.jpg,0.28998,0.53712,0.17290
1058.jpg,0.27975,0.55324,0.16701
1059.jpg,0.26499,0.56323,0.17178
1060.jpg,0.25133,0.57869,0.16998
1061.jpg,0.24471,0.59088,0.16440
1062.jpg,0.23481,0.59945,0.16574
1063.jpg,0.21394,0.62153,0.16453
1064.jpg,0.21720,0.60879,0.17401
1065.jpg,0.22264,0.59527,0.18209
1066.jpg,0.22503,0.57211,0.20286
1067.jpg,0.23243,0.57063,0.19693
1068.jpg,0.22529,0.58148,0.19324
1069.jpg,0.23249,0.57309,0.19443
1070.jpg,0.22999,0.56809,0.20193
1071.jpg,0.24186,0.56010,0.19803
1072.jpg,0.24259,0.55330,0.20410
1073.jpg,0.25392,0.53367,0.21242
1074.jpg,0.26246,0.52258,0.21496
1075.jpg,0.27526,0.51196,0.21278
1076.jpg,0.28496,0.49622,0.21882
1077.jpg,0.30074,0.47133,0.22793
1078.jpg,0.30909,0.45373,0.23718
1079.jpg,0.32293,0.43609,0.24098
1080.jpg,0.33655,0.39713,0.26632
1081.jpg,0.34719,0.39001,0.26280
1082.jpg,0.35430,0.35961,0.28610
1083.jpg,0.37102,0.36534,0.26364
1084.jpg,0.38844,0.33093,0.28063
1085.jpg,0.40064,0.29901,0.30036
1086.jpg,0.42086,0.27784,0.30130
1087.jpg,0.43648,0.26829,0.29523
1088.jpg,0.44976,0.25334,0.29690
1089.jpg,0.45921,0.23929,0.30150
1090.jpg,0.47198,0.23150,0.29652
1091.jpg,0.48399,0.21702,0.29900
1092.jpg,0.49718,0.20546,0.29736
1093.jpg,0.49747,0.19484,0.30769
1094.jpg,0.50617,0.18698,0.30685
1095.jpg,0.49996,0.18851,0.31153
1096.jpg,0.51266,0.18137,0.30597
1097.jpg,0.51597,0.17379,0.31024
1098.jpg,0.52316,0.17024,0.30660
1099.jpg,0.52927,0.16504,0.30569
1100.jpg,0.53787,0.15762,0.30451
1101.jpg,0.53602,0.15366,0.31033
1102.jpg,0.54116,0.15153,0.30731
1103.jpg,0.53706,0.15262,0.31032
1104.jpg,0.53765,0.14947,0.31288
1105.jpg,0.53813,0.14749,0.31438
1106.jpg,0.55163,0.15099,0.29737
1107.jpg,0.53855,0.14673,0.31471
1108.jpg,0.54427,0.15482,0.30090
1109.jpg,0.53179,0.15851,0.30970
1110.jpg,0.53026,0.15940,0.31034
1111.jpg,0.52000,0.16333,0.31667
1112.jpg,0.51097,0.17372,0.31531
1113.jpg,0.49605,0.18078,0.32316
1114.jpg,0.49103,0.18603,0.32295
1115.jpg,0.47749,0.19797,0.32455
1116.jpg,0.46834,0.21085,0.32082
1117.jpg,0.45102,0.22772,0.32127
1118.jpg,0.43535,0.24124,0.32341
1119.jpg,0.42177,0.25193,0.32630
1120.jpg,0.40696,0.27627,0.31677
1121.jpg,0.39282,0.30109,0.30609
1122.jpg,0.36674,0.31672,0.31654
1123.jpg,0.34558,0.34213,0.31229
1124.jpg,0.33512,0.34716,0.31771
1125.jpg,0.31626,0.38367,0.30007
1126.jpg,0.25696,0.40526,0.33778
1127.jpg,0.29340,0.40430,0.30230
1128.jpg,0.28865,0.45875,0.25260
1129.jpg,0.27155,0.49223,0.23622
1130.jpg,0.26098,0.51581,0.22322
1131.jpg,0.24489,0.54040,0.21471
1132.jpg,0.23342,0.53653,0.23005
1133.jpg,0.21742,0.54257,0.24000
1134.jpg,0.22081,0.55459,0.22460
1135.jpg,0.21742,0.56553,0.21705
1136.jpg,0.22111,0.57124,0.20765
1137.jpg,0.22063,0.56273,0.21663
1138.jpg,0.23357,0.54927,0.21716
1139.jpg,0.21815,0.55558,0.22627
1140.jpg,0.23800,0.57996,0.18205
1141.jpg,0.26466,0.53566,0.19968
1142.jpg,0.28913,0.50775,0.20313
1143.jpg,0.32243,0.47141,0.20616
1144.jpg,0.33850,0.46044,0.20106
1145.jpg,0.36393,0.42620,0.20987
1146.jpg,0.38844,0.40221,0.20935
1147.jpg,0.41897,0.37171,0.20932
1148.jpg,0.43204,0.36604,0.20192
1149.jpg,0.44121,0.36083,0.19795
1150.jpg,0.45405,0.34943,0.19652
1151.jpg,0.45291,0.35603,0.19106
1152.jpg,0.44558,0.36403,0.19039
1153.jpg,0.43222,0.37741,0.19036
1154.jpg,0.41697,0.40467,0.17837
1155.jpg,0.39423,0.42626,0.17951
1156.jpg,0.37176,0.45361,0.17463
1157.jpg,0.34790,0.47537,0.17672
1158.jpg,0.32978,0.49984,0.17039
1159.jpg,0.28987,0.54254,0.16759
1160.jpg,0.29255,0.53800,0.16945
1161.jpg,0.25276,0.59788,0.14936
1162.jpg,0.23377,0.61508,0.15115
1163.jpg,0.24135,0.61196,0.14668
1164.jpg,0.20433,0.65888,0.13680
1165.jpg,0.20688,0.64968,0.14344
1166.jpg,0.19436,0.67018,0.13545
1167.jpg,0.19139,0.67973,0.12889
1168.jpg,0.18614,0.69012,0.12373
1169.jpg,0.18264,0.66613,0.15122
1170.jpg,0.18738,0.65776,0.15485
1171.jpg,0.19431,0.66153,0.14416
1172.jpg,0.18006,0.69226,0.12768
1173.jpg,0.19939,0.66724,0.13337
1174.jpg,0.22855,0.62456,0.14689
1175.jpg,0.22779,0.61304,0.15917
1176.jpg,0.23547,0.60268,0.16184
1177.jpg,0.24688,0.58870,0.16442
1178.jpg,0.27509,0.56405,0.16086
1179.jpg,0.30905,0.52724,0.16371
1180.jpg,0.35180,0.47818,0.17002
1181.jpg,0.38541,0.44119,0.17340
1182.jpg,0.42478,0.40336,0.17185
1183.jpg,0.44791,0.36222,0.18987
1184.jpg,0.48954,0.31562,0.19485
1185.jpg,0.52095,0.28655,0.19249
1186.jpg,0.55302,0.26821,0.17877
1187.jpg,0.56668,0.26767,0.16565
1188.jpg,0.56621,0.26367,0.17012
1189.jpg,0.58834,0.25076,0.16090
1190.jpg,0.59032,0.24002,0.16966
1191.jpg,0.60637,0.21578,0.17785
1192.jpg,0.61210,0.20590,0.18200
1193.jpg,0.61766,0.18683,0.19551
1194.jpg,0.61596,0.17372,0.21032
1195.jpg,0.61358,0.16052,0.22590
1196.jpg,0.61279,0.14907,0.23814
1197.jpg,0.60576,0.13865,0.25559
1198.jpg,0.60582,0.13026,0.26392
1199.jpg,0.59669,0.11933,0.28398
1200.jpg,0.59009,0.11455,0.29536
1201.jpg,0.58037,0.10528,0.31435
1202.jpg,0.57173,0.10193,0.32634
1203.jpg,0.55677,0.09334,0.34988
1204.jpg,0.54534,0.08863,0.36603
1205.jpg,0.53729,0.08582,0.37690
1206.jpg,0.53099,0.08132,0.38769
1207.jpg,0.53652,0.08286,0.38062
1208.jpg,0.54140,0.08535,0.37325
1209.jpg,0.52985,0.09509,0.37506
1210.jpg,0.52678,0.10957,0.36365
